610857,1662059.98512,1231915.99735,816098.672924,577962.83137,185300.0,30,1
501158,1452493.69655,1077024.10415,709836.345671,487160.502954,234644.356082,42,1
433238,1323726.49016,989969.911738,643369.732646,474762.667583,263293.680838,53,1
392461,1234955.77656,914842.282531,599008.864656,418866.133527,241524.805658,64,1
363363,1155636.40593,860438.713494,571906.806364,399771.251699,243271.269991,75,1
320614,1091826.08562,816110.65996,542004.039791,390233.131297,240427.418137,85,1
330251,1059112.8907,779706.305371,511015.997051,356529.939712,219948.824077,96,1
970045,1071415.32309,549136.051586,370523.681892,293731.287125,286943.743096,34,1
872532,1036921.27991,588495.721984,456174.550834,334601.816988,321977.686668,45,1
730204,995239.914326,597744.970876,463892.1076,403485.878982,382177.456042,57,1
672092,973661.126293,598813.099674,459265.657326,411213.164657,405778.365256,68,1
628571,939124.734077,580763.941258,449297.886214,384415.958722,377955.793886,80,1
593960,927871.982342,579392.632864,438324.120107,380564.718723,379537.22275,92,1
549619,904167.947661,574385.645077,437536.967165,379424.226085,357241.206377,104,1
508770,837827.607899,506799.415232,429297.015365,316442.896452,220301.433997,33,2
431050,784241.746296,488278.182542,392654.834372,288460.912811,226662.126128,44,2
408495,761250.056261,484969.246492,367264.893227,263417.217123,191730.399069,56,2
