250642,601169.295506,409205.210025,246276.242803,184402.276274,144854.08667,149,1
236365,586679.481926,400778.118719,246263.99104,179704.815817,144945.429624,158,1
230213,583547.732516,399497.075087,246389.322981,178616.596443,141254.635952,171,1
228343,586517.749493,400276.730207,247520.613499,181222.930108,138201.856044,182,1
222401,585081.853844,400241.770359,248455.221364,179606.052022,134526.216817,197,1
163550,507576.930683,355998.439494,234016.141984,177296.463679,140079.270108,279,1
229952,631803.636452,420401.658941,271391.500913,195169.446249,158678.187449,190,1
221781,621935.748784,415809.651971,269735.242712,196811.716826,159402.619147,197,1
221781,621935.748784,415809.651971,269735.242712,196811.716826,159402.619147,197,1
351225,673986.70563,423832.556718,191152.826895,103107.452621,51029.2635553,50,1
307562,624095.253803,406757.84058,205818.354471,130727.307461,66935.7584031,73,1
291265,619805.137796,405539.80791,216522.528583,126099.164018,94403.9771143,84,1
265937,597903.709303,396102.20539,222577.651028,148790.484195,101446.152253,92,1
214834,557285.781539,376082.919697,232109.27123,160624.226986,126328.294281,145,1
115739,372441.378096,265225.532261,169399.514005,133752.213526,86085.9473375,138,1
107194,359705.41144,257751.913293,165514.270929,132780.204323,87006.4005347,149,1
112814,364824.084752,258812.672968,164707.049379,129652.25693,86947.4430849,156,1
117331,374274.945583,255014.955816,163750.592741,127497.461285,82837.9963724,163,1
114521,370200.389834,262012.407456,166932.1361,127366.649438,82636.5146591,167,1
111915,369472.866318,260817.830899,166379.978796,123386.977639,82501.5836696,185,1
308146,689724.865908,601583.656995,362623.800752,337731.096802,154137.172003,49,2
304929,682835.139305,582297.240833,358582.016144,337807.560667,154304.637059,55,2
302995,678569.011342,567002.856822,336619.800489,314816.40773,154437.482497,61,2
288279,662785.251389,542531.078563,326005.499084,298650.946988,136087.605137,70,2
243127,617623.221118,511523.75578,318728.688547,294549.612751,173843.101244,83,2
260432,631560.34835,492230.415146,298941.701246,272353.414901,158656.807273,107,2
233706,599497.631979,460723.451127,286560.457576,260961.862171,148196.750174,128,2
236974,597968.791757,457528.300645,276863.097546,244134.646073,139400.034433,149,2
447923,797049.685705,543822.837515,400508.040711,366946.719642,206572.244699,70,2
446771,794031.767706,538162.306292,389291.248581,346002.374243,206643.451597,74,2
433863,776574.388441,522485.010846,367610.092397,334449.679024,189948.796577,85,2
419665,759594.490526,506409.782105,341669.499511,298069.288757,175770.886267,106,2
414704,753359.547557,497477.131678,323955.446756,281617.514169,164619.730318,121,2
406443,748629.283199,494687.971935,317644.126179,275941.25762,155165.286308,133,2
397716,748181.332417,489332.277342,303487.916819,253821.952959,140082.942573,160,2
406319,754427.560401,493933.643121,291719.605844,240410.014646,136700.189718,187,2
406425,753844.931193,493541.021276,282048.609656,232369.637909,131660.658175,201,2
147536,736276.472002,520685.606693,356927.879373,287619.23956,268624.297006,61,2
132348,698261.35099,491482.032676,338742.322614,274103.520324,244107.834528,68,2
562327,871602.211883,520179.820467,249204.086186,214048.75707,64484.6816151,208,2
562051,873139.601587,520723.705156,253054.075583,213388.945529,63889.7400527,212,2
562924,874034.415349,521807.114103,247045.545175,209511.739721,63821.8251149,223,2
